0.01 9.99999998333333e-05 0.999999995
0.02 0.000399999989333333 0.999999920000001
0.03 0.000899999878500005 0.999999595000027
0.04 0.00159999931733342 0.999998720000273
0.05 0.00249999739583415 0.999996875001628
0.06 0.00359999222400504 0.999993520006998
0.07 0.00489998039185687 0.99998799502402
0.08 0.00639995630942281 0.999979520069905
0.09 0.00809991142679056 0.999967195179361
0.1 0.00999983333416667 0.999950000416665
0.11 0.0120997047419948 0.999926795893158
0.12 0.0143995023411598 0.999896321791578
0.13 0.0168991955433215 0.999857198398846
0.14 0.0195987451014377 0.999807926149042
0.15 0.0224981016105536 0.999746885678531
0.16 0.0255972038889579 0.999672337895306
0.17 0.0288959772398295 0.999582424064847
0.18 0.0323943315935315 0.999475165914896
0.19 0.0360921595307397 0.999348465761772
0.2 0.0399893341866342 0.999200106660978
0.21 0.0440857070364257 0.999027752585031
0.22 0.0483811055625368 0.99882894863162
0.23 0.0528753308038126 0.998601121265337
0.24 0.0575681547871977 0.998341578596423
0.25 0.0624593178423802 0.998047510700099
0.26 0.0675485257999781 0.99771598998024
0.27 0.0728354470739235 0.99734397158129
0.28 0.0783197096287853 0.996928293852503
0.29 0.0840008978328661 0.996465678868707
0.3 0.089878549198011 0.995952733011994
0.31 0.0959521510071738 0.99538594761886
0.32 0.102221136830905 0.994761699697469
0.33 0.10868488293405 0.994076252719887
0.34 0.115342704574087 0.993325757494255
0.35 0.122193852192663 0.992506253122023
0.36 0.129237507502054 0.991613668045503
0.37 0.136472779468434 0.990643821191128
0.38 0.143898700193989 0.989592423213962
0.39 0.151514220700136 0.98845507784908
0.4 0.159318206614246 0.987227283375627
0.41 0.167309433762507 0.985904434199415
0.42 0.175486583671768 0.984481822560077
0.43 0.183848238983409 0.982954640368872
0.44 0.192392878782545 0.98131798118335
0.45 0.201118873846073 0.979566842325161
0.46 0.210024481813374 0.977696127147399
0.47 0.219107842283704 0.975700647457907
0.48 0.228366971844603 0.973575126105082
0.49 0.237799759035945 0.971314199732737
0.5 0.247403959254523 0.968912421710645
0.51 0.257177189604405 0.966364265247417
0.52 0.267116923698583 0.963664126692389
0.53 0.277220486417795 0.960806329033214
0.54 0.287485048632725 0.957785125595841
0.55 0.297907621896134 0.954594703953563
0.56 0.308485053111862 0.951229190051783
0.57 0.319214019187974 0.947682652555095
0.58 0.330091021681745 0.943949107423224
0.59 0.341112381444544 0.940022522722318
0.6 0.35227423327509 0.935896823677935
0.61 0.363572520589953 0.93156589797602
0.62 0.375002990120619 0.927023601318
0.63 0.386561186646824 0.922263763235984
0.64 0.398242447776333 0.917280193173882
0.65 0.410041898781764 0.912066686840083
0.66 0.42195444750551 0.906617032837085
0.67 0.43397477934427 0.900925019573267
0.68 0.446097352325142 0.89498444246171
0.69 0.458316392285734 0.888789111410682
0.7 0.470625888171158 0.882332858610121
0.71 0.48301958746131 0.875609546618072
0.72 0.495490991742243 0.868613076750683
0.73 0.508033352435964 0.861337397778986
0.74 0.520639666703436 0.853776514935223
0.75 0.53330267353602 0.845924499231068
0.76 0.546014850051106 0.837775497089565
0.77 0.558768408008079 0.829323740292124
0.78 0.571555290561282 0.820563556241324
0.79 0.58436716926706 0.811489378539734
0.8 0.597195441362392 0.802095757884293
0.81 0.610031227333097 0.792377373275181
0.82 0.622865368789965 0.782329043537399
0.83 0.635688426671603 0.771945739152553
0.84 0.648490679793161 0.761222594397594
0.85 0.661262123760472 0.750154919786433
0.86 0.673992470269498 0.738738214809563
0.87 0.686671146811291 0.726968180965897
0.88 0.699287296802999 0.714840735080167
0.89 0.711829780165702 0.702352022898239
0.9 0.724287174370142 0.689498432951747
0.91 0.736647775971598 0.676276610682417
0.92 0.748899602655365 0.662683472815368
0.93 0.761030395814429 0.648716221969617
0.94 0.773027623681059 0.63437236149285
0.95 0.784878485034067 0.61964971050637
0.96 0.796569913503566 0.6045464191449
0.97 0.808088582494974 0.589060983974718
0.98 0.819420910753985 0.573192263572276
0.99 0.830553068594067 0.556939494244194
1 0.841470984807897 0.54030230586814
1.01 0.852160354283861 0.523280737832767
1.02 0.862606646348495 0.50587525505346
1.03 0.872795113855316 0.488086764039229
1.04 0.882710803040113 0.46991662898463
1.05 0.89233856416221 0.451366687859134
1.06 0.901663062950671 0.43243926846485
1.07 0.910668792873731 0.413137204432016
1.08 0.919340088249014 0.393463851120144
1.09 0.927661138211259 0.373423101391158
1.1 0.935616001553386 0.35301940121933
1.11 0.943188622455719 0.33225776510126
1.12 0.950362847117098 0.311143791227598
1.13 0.957122441300432 0.289683676376667
1.14 0.963451108803943 0.26788423048857
1.15 0.969332510867995 0.245752890876889
1.16 0.974750286525892 0.223297736033511
1.17 0.979688073905444 0.200527498980666
1.18 0.984129532486416 0.177451580122771
1.19 0.988058366317141 0.154080059549259
1.2 0.991458348191686 0.130423708738146
1.21 0.994313344786919 0.106494001608775
1.22 0.996607342756662 0.0823031248708382
1.23 0.998324475777904 0.0578639876155484
1.24 0.999449052541614 0.0331902300936528
1.25 0.999965585678249 0.00829623162385838
1.26 0.999858821605423 -0.0168028824257919
1.27 0.999113771282486 -0.0420912346419952
1.28 0.997715741853919 -0.0675521906149886
1.29 0.995650369160498 -0.0931683550920846
1.3 0.992903651094118 -0.118921569296612
1.31 0.989461981768987 -0.144792909473454
1.32 0.985312186478591 -0.170762686722769
1.33 0.980441557404471 -0.196810448183768
1.34 0.974837890039326 -0.222914979630521
1.35 0.968489520283355 -0.249054309541747
1.36 0.961385362169075 -0.275205714706357
1.37 0.953514946166032 -0.301345727426138
1.38 0.94486845801299 -0.327450144376445
1.39 0.935436778021173 -0.353494037185024
1.4 0.925211520788168 -0.379451764788155
1.41 0.91418507525795 -0.405296987622184
1.42 0.902350645058363 -0.431002683707138
1.43 0.889702289043194 -0.456541166677553
1.44 0.876234961961698 -0.481884105813817
1.45 0.861944555174211 -0.507002548125284
1.46 0.846827937328132 -0.53186694253411
1.47 0.830882994904296 -0.556447166206161
1.48 0.814108672539454 -0.580712553072557
1.49 0.796505013026254 -0.604631924582259
1.5 0.778073196887921 -0.628173622722739
1.51 0.758815581420574 -0.651305545342089
1.52 0.738735739091998 -0.673995183801932
1.53 0.717838495181599 -0.696209662986243
1.54 0.696129964542301 -0.717915783686593
1.55 0.673617587361253 -0.739080067379445
1.56 0.650310163792495 -0.759668803405918
1.57 0.626217887331101 -0.779648098558942
1.58 0.601352376794931 -0.798983929076854
1.59 0.575726706776833 -0.817642195036375
1.6 0.549355436427126 -0.835588777131408
1.61 0.52225463642339 -0.852789595817323
1.62 0.494441913982015 -0.869210672793312
1.63 0.465936435763701 -0.884818194787957
1.64 0.436758948523088 -0.899578579605476
1.65 0.406931797351064 -0.913458544382082
1.66 0.376478941356946 -0.92642517599359
1.67 0.345425966636801 -0.938446003546838
1.68 0.313800096373611 -0.949489072878626
1.69 0.281630197914819 -0.95952302297676
1.7 0.248946786673152 -0.968517164228447
1.71 0.215782026697316 -0.976441558391693
1.72 0.182169727760473 -0.98326710017557
1.73 0.148145338816151 -0.988965600305212
1.74 0.113745937673597 -0.993509869937261
1.75 0.0790102167473897 -0.996873806281181
1.76 0.0439784647396899 -0.99903247927139
1.77 0.00869254411749679 -0.999962219124685
1.78 -0.0268041357479399 -0.999640704606813
1.79 -0.0624666499071141 -0.998047051821397
1.8 -0.0982485937451078 -0.99516190332383
1.81 -0.134102123596104 -0.990967517352115
1.82 -0.169978002166852 -0.985447856956098
1.83 -0.205825648868313 -0.978588678796121
1.84 -0.241593195145717 -0.970377621371847
1.85 -0.277227544887737 -0.960804292431876
1.86 -0.312674439984935 -0.949860355304982
1.87 -0.347878531096621 -0.937539613884159
1.88 -0.382783453673163 -0.923838095985463
1.89 -0.417331909268175 -0.908754134794764
1.9 -0.451465752161423 -0.892288448107068
1.91 -0.485126081299044 -0.874444215055159
1.92 -0.518253337542588 -0.855227150016864
1.93 -0.550787406202598 -0.834645573383466
1.94 -0.582667724815805 -0.812710478865612
1.95 -0.613833396107781 -0.789435597007627
1.96 -0.644223306064758 -0.764837454576457
1.97 -0.673776247019682 -0.738935429487633
1.98 -0.702431045638067 -0.711751800927691
1.99 -0.730126695669253 -0.683311794330449
2 -0.756802495307928 -0.653643620863612
2.01 -0.782398188989649 -0.622778511082165
2.02 -0.80685411342223 -0.590750742406328
2.03 -0.830111347632772 -0.557597660084136
2.04 -0.852111866787335 -0.523359691302457
2.05 -0.872798699517349 -0.488080352115125
2.06 -0.892116088463463 -0.451806246863245
2.07 -0.910009653724032 -0.414587059770402
2.08 -0.926426558871709 -0.376475538404721
2.09 -0.941315679177791 -0.337527468710407
2.1 -0.954627771660216 -0.297801641323633
2.11 -0.966315646547315 -0.257359808901555
2.12 -0.976334339725939 -0.216266634208596
2.13 -0.984641285719278 -0.174589628721431
2.14 -0.991196490716784 -0.132399081532811
2.15 -0.995962705156195 -0.08976797835506
2.16 -0.99890559533582 -0.0467719104462393
2.17 -0.999993913514112 -0.00348897330614383
2.18 -0.999199665933231 0.0400003449849998
2.19 -0.996498278183949 0.0836132858846351
2.2 -0.991868757310913 0.127264953033057
2.21 -0.985293850040209 0.170868455464846
2.22 -0.976760196495344 0.214335061393084
2.23 -0.966258478753457 0.257574362538386
2.24 -0.953783563580826 0.300494448938845
2.25 -0.939334638675732 0.343002094139282
2.26 -0.922915341737564 0.38500295061913
2.27 -0.904533881673958 0.426401755277629
2.28 -0.884203151252675 0.467102544753119
2.29 -0.861940830502257 0.507008880309881
2.3 -0.837769480165097 0.546024081981649
2.31 -0.811716624508804 0.584051471615331
2.32 -0.783814822806568 0.620994624412087
2.33 -0.754101728804922 0.656757628515594
2.34 -0.722620137507779 0.691245352149466
2.35 -0.689418018619284 0.724363717757219
2.36 -0.65454853600463 0.756019982549533
2.37 -0.618070052548005 0.786123024814377
2.38 -0.580046119809987 0.814583635296817
2.39 -0.54054545191342 0.841314812906392
2.4 -0.499641883116902 0.866232063961728
2.41 -0.457414308568674 0.889253704134339
2.42 -0.41394660777091 0.910301162206748
2.43 -0.369327550325341 0.929299284714393
2.44 -0.323650683575583 0.946176640496402
2.45 -0.277014201809764 0.960865824137636
2.46 -0.229520796738802 0.973303757243537
2.47 -0.181277489021157 0.983431986450606
2.48 -0.132395440663909 0.991196977039079
2.49 -0.0829897481925125 0.996550400980775
2.5 -0.0331792165475568 0.999449418224499
2.51 0.0169138862637508 0.999856949994076
2.52 0.0671640936611813 0.99774194285029
2.53 0.11744302395428 0.993079622248123
2.54 0.167619682519985 0.98585173430486
2.55 0.217560782359326 0.976046774483271
2.56 0.267131082613702 0.963660201887383
2.57 0.316193744535094 0.948694637866619
2.58 0.364610704316434 0.931160047627621
2.59 0.412243062098422 0.911073903562009
2.6 0.458951486377691 0.888461329013091
2.61 0.504596632948725 0.863355221225197
2.62 0.549039577418653 0.835796352246136
2.63 0.592142260240287 0.805833446586529
2.64 0.633767943115076 0.773523234479538
2.65 0.673781675524282 0.738930479630994
2.66 0.712050770054253 0.702127980403249
2.67 0.74844528509038 0.663196543436393
2.68 0.782838513364948 0.622224928777816
2.69 0.815107474756909 0.579309765665499
2.7 0.845133411657218 0.534555438191991
2.71 0.872802285132277 0.488073940164679
2.72 0.898005270040773 0.43998469857371
2.73 0.920639247186351 0.390414365181597
2.74 0.940607290520655 0.339496575858125
2.75 0.957819147348831 0.287371677400467
2.76 0.972191709433276 0.234186421701185
2.77 0.983649472841745 0.180093627255815
2.78 0.992124984343443 0.12525180813674
2.79 0.997559272122011 0.0698247707006899
2.8 0.999902258547975 0.013981178443111
2.81 0.999113152735691 -0.0421059144366687
2.82 0.9951608206017 -0.098259560040488
2.83 0.988024130143206 -0.154299443468735
2.84 0.977692269667514 -0.21004243816997
2.85 0.96416503672631 -0.265303188738003
2.86 0.947453095542878 -0.319894719784833
2.87 0.927578200766307 -0.373629069349725
2.88 0.904573385444651 -0.426317945136259
2.89 0.878483111179285 -0.47777340170081
2.9 0.849363378505467 -0.527808536548793
2.91 0.817281795639858 -0.576238202929735
2.92 0.782317603844199 -0.62287973696009
2.93 0.744561657776131 -0.667553696544075
2.94 0.7041163593327 -0.710084609409374
2.95 0.661095543640025 -0.750301727426573
2.96 0.615624316003185 -0.788039784240371
2.97 0.567838838804 -0.823139753107408
2.98 0.517886067520301 -0.855449601711497
2.99 0.465923435238575 -0.884825040612824
3 0.412118485241757 -0.911130261884677
3.01 0.356648451475288 -0.934238664400205
3.02 0.299699786926382 -0.954033562154016
3.03 0.241467640193471 -0.97040887193976
3.04 0.182155280773888 -0.983269776656532
3.05 0.121973473857481 -0.992533360484744
3.06 0.0611398056807606 -0.998129212157083
3.07 -0.000122039230316518 -0.999999992553213
3.08 -0.0615830473222873 -0.998101962868775
3.09 -0.123009689891323 -0.992405469650808
3.1 -0.184164779400675 -0.982895383053711
3.11 -0.244808365776544 -0.969571484752835
3.12 -0.304698669933759 -0.952448802057412
3.13 -0.363593051497316 -0.931557884891149
3.14 -0.421249007404004 -0.906945022457889
3.15 -0.47742519779099 -0.878672396581475
3.16 -0.531882495307914 -0.846818168903471
3.17 -0.584385053726696 -0.811476499339843
3.18 -0.634701391471477 -0.772757493437735
3.19 -0.682605485450972 -0.730787076536143
3.2 -0.727877870349738 -0.685706792918905
3.21 -0.770306738324469 -0.63767352845474
3.22 -0.809689033859113 -0.586859155546112
3.23 -0.845831538359579 -0.533450099555964
3.24 -0.878551938917545 -0.477646826247409
3.25 -0.907679875544648 -0.419663250155708
3.26 -0.93305796107548 -0.359726064212294
3.27 -0.954542767861568 -0.298073991356471
3.28 -0.972005775331002 -0.234956959299311
3.29 -0.9853342724708 -0.170635200045124
3.3 -0.994432209303196 -0.105378276226012
3.31 -0.999220991474043 -0.0394640367629838
3.32 -0.999640212152777 0.0268224951701086
3.33 -0.995648315559826 0.0931902984375592
3.34 -0.987223186590138 0.159343590579648
3.35 -0.974362661191174 0.224983120425628
3.36 -0.957084952381008 0.289807511851995
3.37 -0.935428987057381 0.353514653406054
3.38 -0.90945464905191 0.415803128076098
3.39 -0.879242924224986 0.47637367706486
3.4 -0.844895943776025 0.534930691015967
3.41 -0.806536922360045 0.591183721756601
3.42 -0.764309988054188 0.644849007257208
3.43 -0.718379901705873 0.695651002173547
3.44 -0.66893166371616 0.743323906031503
3.45 -0.61617000686627 0.787613180843503
3.46 -0.560318774379943 0.828277049710638
3.47 -0.501620183027236 0.865087967769592
3.48 -0.440333971714195 0.897834056691103
3.49 -0.37673643666453 0.926320493829923
3.5 -0.311119354981127 0.950370847067673
3.51 -0.243788799073552 0.969828346382119
3.52 -0.175063845149088 0.984557083221494
3.53 -0.105275179685493 0.994443128862675
3.54 -0.0347636085292586 0.999395563089023
3.55 0.0361215260102275 0.999347404739059
3.56 0.107024013977509 0.994256435952085
3.57 0.177582525691363 0.984105912272188
3.58 0.247432431260117 0.968905151168424
3.59 0.316207683500903 0.948689991986314
3.6 0.383542755412607 0.923523120864067
3.61 0.449074622722018 0.893494254725276
3.62 0.512444781426359 0.858720179097296
3.63 0.573301289698584 0.81934463519934
3.64 0.631300823009576 0.775538052494803
3.65 0.686110730859209 0.727497123705546
3.66 0.737411083101102 0.675444220139354
3.67 0.784896693499018 0.619626646081581
3.68 0.82827910787083 0.560315731944679
3.69 0.867288543963766 0.497805766850094
3.7 0.901675770066392 0.432412772331229
3.71 0.931213909302685 0.364473119888438
3.72 0.955700156575237 0.294341996191619
3.73 0.974957395231527 0.222391720806679
3.74 0.988835700722162 0.14900992241227
3.75 0.997213718805399 0.0745975805660389
3.76 0.999999906230019 -0.00043305883239351
3.77 0.997133622300094 -0.0756606851587668
3.78 0.988586060291025 -0.150657231483491
3.79 0.974361008346589 -0.224990278487357
3.8 0.954495430240921 -0.298225541577508
3.81 0.929059857236251 -0.369929427961816
3.82 0.898158583204638 -0.43967164954752
3.83 0.861929656207284 -0.50702787669949
3.84 0.820544660834644 -0.571582417133136
3.85 0.774208286800314 -0.632930903535073
3.86 0.723157680546384 -0.69068297290926
3.87 0.667661577951869 -0.744464920145214
3.88 0.608019217632258 -0.793922307905413
3.89 0.54455903576995 -0.838722514638365
3.9 0.477637144914011 -0.878557202348482
3.91 0.407635600724698 -0.913144685699815
3.92 0.334960462203994 -0.942232184103306
3.93 0.2600396525377 -0.965597938641168
3.94 0.18332062926692 -0.983053176021104
3.95 0.105267874095499 -0.994443902230495
3.96 0.0263602142136726 -0.999652509178369
3.97 -0.0529120114354835 -0.998599178372309
3.98 -0.132049926013889 -0.991243066578388
3.99 -0.21054921238373 -0.977583259453941
4 -0.287903316665065 -0.957659480323385
4.01 -0.363606738670776 -0.931552542583188
4.02 -0.437158388915685 -0.899384535669056
4.03 -0.508064990782482 -0.861318736090883
4.04 -0.575844505430091 -0.8175592367321
4.05 -0.640029556161893 -0.768350289411809
4.06 -0.700170828244047 -0.713975357611203
4.07 -0.755840419589061 -0.654755878259548
4.08 -0.80663511730669 -0.59104973354839
4.09 -0.852179574883736 -0.523249435882137
4.1 -0.892129364694376 -0.451780031265227
4.11 -0.926173880670754 -0.37709672865629
4.12 -0.954039066287047 -0.299682265071091
4.13 -0.975489943533069 -0.220044018473237
4.14 -0.990332919280488 -0.138710882735947
4.15 -0.998417846377419 -0.0562299211725974
4.16 -0.999639817946772 0.026837182701329
4.17 -0.993940674709056 0.109917856415174
4.18 -0.981310206698764 0.192432529029864
4.19 -0.961787032490635 0.273798656192572
4.2 -0.935459140991663 0.353434853311242
4.21 -0.902464082978624 0.430765108769909
4.22 -0.862988801859097 0.505223047639159
4.23 -0.817269095594724 0.576256215051761
4.24 -0.765588704334815 0.643330347329379
4.25 -0.708278021051141 0.705933598078374
4.26 -0.645712425323155 0.763580685836991
4.27 -0.578310243378375 0.815816929466192
4.28 -0.506530340524036 0.862222137345478
4.29 -0.430869355191676 0.90241431657344
4.3 -0.351858586932174 0.936053168790157
4.31 -0.270060553820316 0.962843339941791
4.32 -0.186065237829015 0.982537392302009
4.33 -0.100486039787374 0.994938468352616
4.34 -0.0139554685159415 0.999902617707595
4.35 0.0728794083907436 0.997340760137986
4.36 0.15936172191901 0.987220259915186
4.37 0.244829734326645 0.96956608912933
4.38 0.328621911969362 0.944461560347271
4.39 0.410082100879516 0.912048611938115
4.4 0.488564765772521 0.872527632597181
4.41 0.563440251482754 0.826156815023063
4.42 0.634100024450061 0.773251032325487
4.43 0.699961850812138 0.714180234540025
4.44 0.760474866929245 0.649367366572226
4.45 0.815124497793678 0.579285812959892
4.46 0.863437178774697 0.504456378995837
4.47 0.904984836532876 0.425443821961917
4.48 0.939389085718076 0.342852950452168
4.49 0.966325099249051 0.257324313972295
4.5 0.98552511156512 0.169529509155658
4.51 0.996781516241587 0.080166132993452
4.52 0.999949521767907 -0.010047582601534
4.53 0.99494933209395 -0.100378416832522
4.54 0.981767821744156 -0.190084045063586
4.55 0.960459678867088 -0.278419118004727
4.56 0.931147993509697 -0.364641487193744
4.57 0.894024272658519 -0.448018526288151
4.58 0.849347868146669 -0.527833495408077
4.59 0.797444808355109 -0.603391893902698
4.6 0.738706029703771 -0.67402774548181
4.61 0.673585009194769 -0.739109758688168
4.62 0.602594804693331 -0.798047305212295
4.63 0.526304515167879 -0.850296158590584
4.64 0.445335178709935 -0.895363936398708
4.65 0.360355131767328 -0.932815190168423
4.66 0.272074858597199 -0.962276088926309
4.67 0.181241365424957 -0.983438644481137
4.68 0.0886321191246597 -0.996064429371651
4.69 -0.00495140463944303 -0.999987741720916
4.7 -0.0986905140096992 -0.995118175115148
4.71 -0.191756379926368 -0.981442556015142
4.72 -0.283317343001776 -0.959026216093395
4.73 -0.372546386024322 -0.92801357223923
4.74 -0.458628706577618 -0.888627992752277
4.75 -0.540769321526572 -0.841170934409702
4.76 -0.618200632961956 -0.786020341597746
4.77 -0.690189883649219 -0.723628305491346
4.78 -0.756046429133641 -0.654517988289299
4.79 -0.815128753442889 -0.579279824705333
4.8 -0.866851155826312 -0.498567020211513
4.81 -0.910690037197208 -0.413090372860162
4.82 -0.946189716912811 -0.323612452801888
4.83 -0.972967713242799 -0.230941180795194
4.84 -0.990719424339167 -0.135922853991042
4.85 -0.999222150718631 -0.0394346739967906
4.86 -0.998338405186444 0.0576231614005033
4.87 -0.988018461741632 0.15433573551741
4.88 -0.968302101274809 0.249781986273611
4.89 -0.939319518758705 0.343043498231515
4.9 -0.901291364088622 0.433213431254469
4.91 -0.854527896697103 0.519405500323615
4.92 -0.79942724247867 0.600762918282204
4.93 -0.736472750344339 0.676467211326791
4.94 -0.666229454801603 0.745746815987007
4.95 -0.589339660239048 0.807885366168569
4.96 -0.506517671994341 0.862229579611738
4.97 -0.418543708704393 0.908196654862796
4.98 -0.326257039778332 0.94528109258309
4.99 -0.230548400994423 0.973060858733365
5 -0.132351750097773 0.991202811863474
5.01 -0.0326354327619537 0.999467322391503
5.02 0.0676071627307386 0.99771201834372
5.03 0.167367376340714 0.985894599506877
5.04 0.265631380206852 0.96407467026647
5.05 0.361390517315047 0.932414550505709
5.06 0.453651771527381 0.891179033746906
5.07 0.541448261548128 0.840734072145592
5.08 0.623849648396087 0.78154437890377
5.09 0.699972344058514 0.714169950049167
5.1 0.768989408278748 0.639261519219718
5.11 0.830140020923127 0.557554970977526
5.12 0.882738419118184 0.469864750127873
5.13 0.92618219136759 0.377076316404953
5.14 0.959959825157879 0.280137705571482
5.15 0.98365741013614 0.180050269325711
5.16 0.996964405770135 0.0778586772775037
5.17 0.999678390445091 -0.0253597254936292
5.18 0.991708718160014 -0.128506102288653
5.19 0.973079019292089 -0.230471738426962
5.2 0.943928493218428 -0.330149965455683
5.21 0.90451195282249 -0.426448270252378
5.22 0.855198593956662 -0.518300458126894
5.23 0.796469476657545 -0.604678735158477
5.24 0.728913719178936 -0.684605572569148
5.25 0.653223420570844 -0.757165215007746
5.26 0.570187342431715 -0.821514695261539
5.27 0.48068339542863 -0.876894220165239
5.28 0.385669991042325 -0.922636796366486
5.29 0.286176333571229 -0.958176970138465
5.3 0.183291741540226 -0.983058562590831
5.31 0.0781541011217969 -0.996941290386673
5.32 -0.0280624331909297 -0.999606172371602
5.33 -0.134160363795543 -0.990959634287011
5.34 -0.238932263768241 -0.971036236878204
5.35 -0.341174532818409 -0.939999967104329
5.36 -0.439701341393485 -0.898144047676524
5.37 -0.533358602945678 -0.845889236640256
5.38 -0.621037810158572 -0.783780606007475
5.39 -0.701689568583704 -0.712482806347505
5.4 -0.77433666074192 -0.632773842562295
5.41 -0.838086475367107 -0.545537404589951
5.42 -0.892142640154922 -0.451753815277087
5.43 -0.935815702143887 -0.35248967590689
5.44 -0.968532707694485 -0.24888630763059
5.45 -0.989845543910297 -0.142147104089137
5.46 -0.999437915203201 -0.0335239265939936
5.47 -0.997130842455257 0.0756973118708253
5.48 -0.982886587758006 0.184211714083074
5.49 -0.956810924874516 0.290710945856486
5.5 -0.919153694203577 0.393899081532208
5.51 -0.870307600936953 0.492508558048858
5.52 -0.810805236075214 0.585316042111453
5.53 -0.741314321768987 0.671158011454968
5.54 -0.662631204826507 0.748945850105448
5.55 -0.575672644903753 0.817680258970166
5.56 -0.481465966586606 0.876464787095765
5.57 -0.381137666991987 0.924518295546337
5.58 -0.275900592355894 0.961186175065823
5.59 -0.167039818039118 0.985950150458662
5.6 -0.0558973861643228 0.998436518873382
5.61 0.0561439265942462 0.998422685793237
5.62 0.167677622000426 0.985841881378694
5.63 0.277291070443868 0.960785960686403
5.64 0.383583462518086 0.923506213992432
5.65 0.485183896471779 0.874412137727092
5.66 0.580769369032726 0.814068142106869
5.67 0.669082433015741 0.743188198123286
5.68 0.74894828408071 0.662628453790327
5.69 0.819291041105245 0.573377877114808
5.7 0.879148989945375 0.476547010774411
5.71 0.927688568900783 0.373354950591011
5.72 0.964216885957607 0.265114686191118
5.73 0.988192572786515 0.153216967368397
5.74 0.999234798416188 0.0391128832248491
5.75 0.997130286324846 -0.0757046372009744
5.76 0.981838202193733 -0.189720174765305
5.77 0.953492805499729 -0.301415775732221
5.78 0.912403786201481 -0.409291254396185
5.79 0.859054237666628 -0.511884573656024
5.8 0.794096248332499 -0.607792027246368
5.81 0.718344126992649 -0.695687943847793
5.82 0.632765309631763 -0.774343633619221
5.83 0.538469028945269 -0.84264530193121
5.84 0.436692860611973 -0.899610663281917
5.85 0.328787292563417 -0.944404000546809
5.86 0.216198494432663 -0.97634943079056
5.87 0.100449493589006 -0.994942158739749
5.88 -0.0168800087927723 -0.999857522501659
5.89 -0.134174923773003 -0.990957662985916
5.9 -0.249806883596575 -0.968295678451457
5.91 -0.362156876463899 -0.932117158317511
5.92 -0.46963809596782 -0.882859025448412
5.93 -0.570718684104826 -0.821145653105255
5.94 -0.663944041228286 -0.74778226116795
5.95 -0.74795837537398 -0.66374563554717
5.96 -0.821525167198267 -0.570172254375692
5.97 -0.883546235406722 -0.468343944018292
5.98 -0.933079101025884 -0.359671226578841
5.99 -0.969352367119945 -0.245674557817777
6 -0.991778853443116 -0.127963689627405
6.01 -0.999966252835919 -0.00821542386562156
6.02 -0.993725107636989 0.111849946141488
6.03 -0.973073939635971 0.230493184283895
6.04 -0.938241405713462 0.345981306727441
6.05 -0.889665392812652 0.45661306248454
6.06 -0.827989009716203 0.560744326577792
6.07 -0.754053478660576 0.656813026149668
6.08 -0.668887976462275 0.743363218718954
6.09 -0.57369652187343 0.81906794638194
6.1 -0.469842052617699 0.882750500193564
6.11 -0.358827881253477 0.933403745243794
6.12 -0.242276762936232 0.970207178978357
6.13 -0.121907849576029 0.992541422919844
6.14 0.000488156903090071 0.999999880851412
6.15 0.123075305181452 0.992397334364866
6.16 0.243999772247702 0.969775288993832
6.17 0.361417916758094 0.932403930411192
6.18 0.473524587644494 0.880780599750081
6.19 0.578581254706944 0.815624749319035
6.2 0.674943521557596 0.737869394071492
6.21 0.761087581682817 0.648649129351301
6.22 0.835635185738773 0.549284840820612
6.23 0.897376702564295 0.441265287208084
6.24 0.945291877747757 0.326225789698056
6.25 0.978567921767768 0.205924312520673
6.26 0.996614594474214 0.0822152667148809
6.27 0.999075993604184 -0.042978587736375
6.28 0.985838801640944 -0.167695727969282
6.29 0.957036797020854 -0.289966496595838
6.3 0.913051491767998 -0.40784430041406
6.31 0.854508817291276 -0.519436888535522
6.32 0.78227184243259 -0.622937207539509
6.33 0.69742957195471 -0.716653327741573
6.34 0.601281938493976 -0.799036939346941
6.35 0.495321165522788 -0.868709930290397
6.36 0.381209741991285 -0.924488578951053
6.37 0.260755309959164 -0.965404924541045
6.38 0.135882823607999 -0.990724915528179
6.39 0.00860439049199404 -0.999962981546948
6.4 -0.119012747264032 -0.992892726324787
6.41 -0.244879593814391 -0.969553497509704
6.42 -0.366919611598439 -0.930252653113363
6.43 -0.483103208888231 -0.875563412644621
6.44 -0.591481931340961 -0.806318252861218
6.45 -0.690221779400938 -0.723597882280347
6.46 -0.777635076441838 -0.628715903956068
6.47 -0.852210325451954 -0.523199351292673
6.48 -0.912639514883135 -0.408765355520593
6.49 -0.957842366873828 -0.287294274606269
6.5 -0.986987063112711 -0.160799680497647
6.51 -0.999507034650745 -0.0313956634533136
6.52 -0.995113461344107 0.0987380324482452
6.53 -0.973803193500787 0.227392480807235
6.54 -0.935861881736449 0.352367050549157
6.55 -0.881862179902699 0.471507259389779
6.56 -0.812656968987473 0.582742353665918
6.57 -0.729367635746162 0.68412195690977
6.58 -0.633367527057931 0.773851132756502
6.59 -0.526260788101338 0.850323222608297
6.6 -0.40985687785389 0.912149844968392
6.61 -0.286141137572808 0.958187481335745
6.62 -0.157241865254617 0.987560122631148
6.63 -0.0253944200869789 0.999677509714231
6.64 0.10709705584494 0.994248570846016
6.65 0.237899657193753 0.971289736951387
6.66 0.364692791103653 0.931127901051744
6.67 0.485209591423315 0.874397879909838
6.68 0.597277933546139 0.802034332244483
6.69 0.698860304820753 0.71525818719246
6.7 0.788091791658717 0.615557737275841
6.71 0.863315464287853 0.504664650160331
6.72 0.923114473541041 0.384525251107188
6.73 0.966340220859901 0.257267521363344
6.74 0.992136022302149 0.125164344964807
6.75 0.999955758989229 -0.00940638422956122
6.76 0.989577089085711 -0.144004113679616
6.77 0.961108888798851 -0.276169701219806
6.78 0.914992690540022 -0.403470415592435
6.79 0.851997993616452 -0.523545049516792
6.8 0.773211434767353 -0.634148308477608
6.81 0.680019920525959 -0.733193635875181
6.82 0.574087938674864 -0.818793648404801
6.83 0.457329379790443 -0.889297384669767
6.84 0.331874309837883 -0.943323614922063
6.85 0.200031238786348 -0.979789520003964
6.86 0.0642455261217116 -0.997934122261257
6.87 -0.0729453501004744 -0.997335939339759
6.88 -0.208958860303679 -0.977924431999011
6.89 -0.341215966239069 -0.939984927742748
6.9 -0.467190234663006 -0.884156821291068
6.91 -0.584456588726624 -0.811424978598784
6.92 -0.690738753290503 -0.723104400970345
6.93 -0.783954457828294 -0.620818337399231
6.94 -0.862257486452409 -0.506470164034145
6.95 -0.924075708828746 -0.382209477057607
6.96 -0.968144287927758 -0.250392966660117
6.97 -0.993533339896009 -0.11354075266212
6.98 -0.999669416677143 0.0257110357702843
6.99 -0.986350291860743 0.16466056524325
7 -0.953752652759472 0.300592543743637
7.01 -0.902432434771448 0.430831406320937
7.02 -0.833317675268083 0.552794403088343
7.03 -0.747693910920711 0.664043534395217
7.04 -0.647182291721846 0.762335281409472
7.05 -0.533710734018576 0.845667104949313
7.06 -0.409478580631324 0.912319731236893
7.07 -0.276915375541844 0.960894309894964
7.08 -0.138634490708745 0.990343616118126
7.09 0.00261753957427794 0.999996574237421
7.1 0.144015018429702 0.989575502155693
7.11 0.282709376371641 0.959205613261076
7.12 0.415886641659235 0.909416461963056
7.13 0.540824936625176 0.841135178151749
7.14 0.65495082386269 0.755671501594167
7.15 0.755893328278994 0.65469479627022
7.16 0.841534487512754 0.540203393479387
7.17 0.910055334097839 0.414486777690278
7.18 0.959976287551982 0.280081287018454
7.19 0.99019103227871 0.139720147419124
7.2 0.999993076284592 -0.00372120718018382
7.21 0.989094324228047 -0.147283460646007
7.22 0.95763515376333 -0.287984222270393
7.23 0.906185653629551 -0.422880078930167
7.24 0.835737862189945 -0.549128605794837
7.25 0.747689032564329 -0.664049027243485
7.26 0.64381614128184 -0.765180224669301
7.27 0.526242047503933 -0.850334820784653
7.28 0.397393895228818 -0.917648130840393
7.29 0.259954527384717 -0.965620859184488
7.3 0.116807844330365 -0.99315453354596
7.31 -0.0290208138370372 -0.999578807480549
7.32 -0.174428055193588 -0.984669921121481
7.33 -0.316298285114644 -0.948659788772316
7.34 -0.451570630913799 -0.892235375501394
7.35 -0.577305508227053 -0.816528229867593
7.36 -0.690749377659038 -0.723094251991849
7.37 -0.789396253937688 -0.613883990888462
7.38 -0.871044575426482 -0.491203977610219
7.39 -0.933848119049779 -0.357669806591483
7.4 -0.976359753515783 -0.216151871873922
7.41 -0.997566960486341 -0.069714843082682
7.42 -0.996918216661301 0.0784478762545694
7.43 -0.974339516581687 0.225083332184693
7.44 -0.930240522666129 0.366950364477061
7.45 -0.865510051392498 0.500891556066337
7.46 -0.78150083797391 0.623904191559951
7.47 -0.680003761337185 0.733208622812963
7.48 -0.563211951410404 0.826312469825117
7.49 -0.433675436229046 0.901069151625749
7.5 -0.294247211711505 0.955729343695172
7.51 -0.148021826762483 0.988984094311884
7.52 0.00173223451741577 0.999998499680663
7.53 0.151644928111567 0.988435033665864
7.54 0.298320203662789 0.954465848570074
7.55 0.438413056957693 0.898773604134551
7.56 0.568706338414022 0.822540637687717
7.57 0.686185550122346 0.727426553545644
7.58 0.788109879877027 0.615534578427742
7.59 0.872077777485136 0.489367295614026
7.6 0.936085476062279 0.351772627566807
7.61 0.978576997643958 0.205881178552427
7.62 0.99848435593617 0.0550362694114693
7.63 0.995256876145833 -0.0972818096276925
7.64 0.968878788439314 -0.247535640489136
7.65 0.91987451274185 -0.392212800413174
7.66 0.849301332669777 -0.527908369251086
7.67 0.758729449147719 -0.651405881916949
7.68 0.650209703011343 -0.759754790777854
7.69 0.526229553630305 -0.850342552672774
7.7 0.389658190152957 -0.920959551145826
7.71 0.24368192624064 -0.969855205081486
7.72 0.0917312811842346 -0.995783797845847
7.73 -0.0625986264954512 -0.998038782793977
7.74 -0.215632558507011 -0.976474577094417
7.75 -0.363702546686977 -0.931515140796652
7.76 -0.503236127236679 -0.864148945636011
7.77 -0.630843297904471 -0.775910261234514
7.78 -0.743400072031519 -0.668847017563457
7.79 -0.838126550521078 -0.545475833847513
7.8 -0.912657531744421 -0.408725127378023
7.81 -0.965103828863627 -0.261867522829325
7.82 -0.994102661449485 -0.108443065702929
7.83 -0.99885572976789 0.047825005069069
7.84 -0.979153860675032 0.203119957476316
7.85 -0.935387427576883 0.353624603684615
7.86 -0.868542086276546 0.495615419823056
7.87 -0.780179725836544 0.625555429513337
7.88 -0.672404900262655 0.740183524609113
7.89 -0.547817373866519 0.836597946979307
7.9 -0.409451771354583 0.91233176363349
7.91 -0.260705663790262 0.965418332572817
7.92 -0.105257734587752 0.994444975506164
7.93 0.0530220529019549 0.998593341609117
7.94 0.210168130682021 0.97766525807437
7.95 0.362218505107313 0.932093211303367
7.96 0.505314972883847 0.862934979114532
7.97 0.635801840410759 0.771852330261619
7.98 0.750320609449529 0.661074113118406
7.99 0.845898153798439 0.533344460363462
8 0.920026038196791 0.39185723042955
8.01 0.970728820196218 0.240178178943172
8.02 0.996619424649622 0.0821566942558978
8.03 0.996939983581016 -0.0781707690731216
8.04 0.971586884770632 -0.236683175028769
8.05 0.92111916227521 -0.389280732748765
8.06 0.846749781933083 -0.531991359700773
8.07 0.750319814296817 -0.661075015617434
8.08 0.634255935249752 -0.773123152285884
8.09 0.501512139167275 -0.865150607852681
8.1 0.355496979059287 -0.934677429854664
8.11 0.199988050977643 -0.979798336121349
8.12 0.0390358048269635 -0.999237812505868
8.13 -0.123140919933533 -0.992389194740613
8.14 -0.282264976833287 -0.959336480518334
8.15 -0.434113764039196 -0.900858057560525
8.16 -0.574631876342716 -0.818412003022224
8.17 -0.700040546476557 -0.714103097100694
8.18 -0.806940902658444 -0.590632186404344
8.19 -0.892408187964507 -0.451229017300423
8.2 -0.954074285117956 -0.299570122803762
8.21 -0.990196163818289 -0.139683775577352
8.22 -0.999708210969821 0.0241555980989958
8.23 -0.982256809187234 0.187540824369826
8.24 -0.938215985975622 0.346050232856143
8.25 -0.868683453562475 0.495367598361835
8.26 -0.775456884676721 0.631400522653786
8.27 -0.660990808739177 0.750393997019119
8.28 -0.528335051359898 0.849035967144228
8.29 -0.381056162823356 0.924551891877541
8.3 -0.223143773566543 0.974785543757438
8.31 -0.0589042622077273 0.998263636467724
8.32 0.10715548892274 0.994242274897687
8.33 0.270451156632601 0.96273369727879
8.34 0.426447525420823 0.904512303986218
8.35 0.570785039442141 0.821099530354898
8.36 0.699402820961314 0.714727706215
8.37 0.80865466220881 0.588283636767126
8.38 0.895414640624829 0.445233221306214
8.39 0.957169247772135 0.289528981484281
8.4 0.992093254873273 0.125502882974673
8.41 0.999106955404946 -0.0422527118829053
8.42 0.977912917283342 -0.2090127417417
8.43 0.929010931353678 -0.370052279313846
8.44 0.853690444539465 -0.520780783921615
8.45 0.754000398801418 -0.656873959452879
8.46 0.632697043421358 -0.774399413252536
8.47 0.493170929693327 -0.869932430770011
8.48 0.339354915225135 -0.940658408516366
8.49 0.175615581343532 -0.984458819651372
8.5 0.0066309839702791 -0.999978014784118
8.51 -0.162741900446816 -0.986668674803735
8.52 -0.327606321206286 -0.944814319485942
8.53 -0.483167530064436 -0.875527919538511
8.54 -0.624873089087403 -0.780726342923285
8.55 -0.748547590574206 -0.663081069436876
8.56 -0.850517770913876 -0.525946310339459
8.57 -0.927724221312121 -0.373266351538441
8.58 -0.977816235392744 -0.209464578872807
8.59 -0.999226779068532 -0.0393172225917288
8.6 -0.991225110704649 0.132184643240269
8.61 -0.953945205238566 0.299980908396436
8.62 -0.888388827544444 0.459091811181825
8.63 -0.796402838551374 0.60476649935931
8.64 -0.680631081227288 0.73262632444335
8.65 -0.544441960072283 0.838798516994785
8.66 -0.391833574189651 0.92003611349651
8.67 -0.227318967383573 0.973820356671427
8.68 -0.0557946969296065 0.998442262624401
8.69 0.117603524965695 0.993060628016056
8.7 0.287653914941513 0.957734423114686
8.71 0.449205897380529 0.893428263353333
8.72 0.597336852666388 0.801990451593168
8.73 0.727503554377393 0.686103912223403
8.74 0.83568360575272 0.549211171659983
8.75 0.918502422013143 0.395415352200682
8.76 0.973341682410259 0.229359912109258
8.77 0.998425685324537 0.0560905596711996
8.78 0.992882668142111 -0.119096630107668
8.79 0.956778883837319 -0.290816380974341
8.8 0.891124037451796 -0.45375979314568
8.81 0.797847554287524 -0.602859253986714
8.82 0.679746051606429 -0.73344754776703
8.83 0.540403289392048 -0.841406135474573
8.84 0.384084754999279 -0.923297839798807
8.85 0.215609863178715 -0.976479588573185
8.86 0.0402054999452632 -0.999191431995967
8.87 -0.136654719062722 -0.990618739858019
8.88 -0.309420590065663 -0.950925285415956
8.89 -0.472639607719867 -0.881255809180518
8.9 -0.621129933449652 -0.783707602217071
8.91 -0.7501465438233 -0.661271625574512
8.92 -0.855535193603311 -0.517744659563134
8.93 -0.933869138149926 -0.357614922522978
8.94 -0.982564036995568 -0.185924482527107
8.95 -0.999967092501293 -0.00811257755035242
8.96 -0.985417247155116 0.170155367265426
8.97 -0.939274148057647 0.343167706508904
8.98 -0.862914561029222 0.505349839580211
8.99 -0.758695949680751 0.651444898620001
9 -0.629887994274454 0.776685982021631
9.01 -0.480573877261213 0.876954245382349
9.02 -0.315524172538451 0.948917539380491
9.03 -0.140047109888351 0.990144841430747
9.04 0.0401801873364373 0.999192450204468
9.05 0.219294203612748 0.975658778601336
9.06 0.391435456768131 0.920205565721445
9.07 0.550940688131399 0.834544401551709
9.08 0.692530510902461 0.721388585624403
9.09 0.811486269619223 0.584371486487386
9.1 0.90381013100468 0.427933694739388
9.11 0.966362897017781 0.257182330783827
9.12 0.996974692725614 0.0777268426263903
9.13 0.994524516132873 -0.104503525350462
9.14 0.958985619627268 -0.283454725393854
9.15 0.891434793015126 -0.453148992939497
9.16 0.794024801414101 -0.607885363155996
9.17 0.669920459193941 -0.742432878012133
9.18 0.523200053055508 -0.852209894616763
9.19 0.358725021572982 -0.933443281028614
9.2 0.181981913868522 -0.983301877871058
9.21 -0.00109835285475974 -0.999999396810321
9.22 -0.184338074601441 -0.982862896976091
9.23 -0.361520661889779 -0.932364097886001
9.24 -0.526601897811273 -0.850112016866934
9.25 -0.673917376320264 -0.738806720254771
9.26 -0.798378973775419 -0.602155307402756
9.27 -0.895653482577314 -0.444752559461021
9.28 -0.962317052870695 -0.271929935377222
9.29 -0.99597983327017 -0.0895777412035192
9.3 -0.995376152797119 0.0960537060336889
9.31 -0.960416714435415 0.278567289237416
9.32 -0.892200539904485 0.451639454204508
9.33 -0.792985773722261 0.609240151889307
9.34 -0.66611987637034 0.745844695834436
9.35 -0.515931162548242 0.856630045884231
9.36 -0.347585021127273 0.937648469890477
9.37 -0.166909439082562 0.985972230412776
9.38 0.01980440466163 0.999803873545206
9.39 0.206019750892185 0.97854783339514
9.4 0.385182616361305 0.922840371924126
9.41 0.550952949882944 0.834536306589043
9.42 0.697430433958071 0.716652488859877
9.43 0.819366854785479 0.573269532836825
9.44 0.912357329860448 0.409394800467608
9.45 0.973003330025621 0.230791073828806
9.46 0.999041343689426 0.0437766330275316
9.47 0.98943217700898 -0.144996438229598
9.48 0.944407228139356 -0.328778021525374
9.49 0.865469571263265 -0.500961496741397
9.5 0.755349285662605 -0.655322406643472
9.51 0.617914110470612 -0.786245605444833
9.52 0.458038138049566 -0.88893254192435
9.53 0.281432818565579 -0.959580933863441
9.54 0.0944459771268636 -0.995529988199528
9.55 -0.0961642117190637 -0.995365482817468
9.56 -0.283472338100379 -0.958980413528819
9.57 -0.460637271689466 -0.887588476677387
9.58 -0.621152962931574 -0.783689349577578
9.59 -0.759089318200133 -0.650986487566722
9.6 -0.869314176374813 -0.494259914168426
9.61 -0.947687989394099 -0.319198174741288
9.62 -0.991223704169689 -0.132195190124757
9.63 -0.998205530329947 0.0598808752333228
9.64 -0.968261718607765 0.249938480988296
9.65 -0.902388119099156 0.430924218985992
9.66 -0.802921079276412 0.596085346618755
9.67 -0.673460114100015 0.739223562067927
9.68 -0.518742666042938 0.854930433676721
9.69 -0.344475100678159 0.938795454299163
9.7 -0.157125783820418 0.987578598420814
9.71 0.036312407365459 0.999340487057002
9.72 0.228581534763942 0.973524772137289
9.73 0.41243046080912 0.910989086101901
9.74 0.580888972333683 0.813982801919745
9.75 0.727533796075345 0.686071844319674
9.76 0.846736304681998 0.532012810309559
9.77 0.933882273449493 0.357580619352904
9.78 0.985554986646257 0.169355744799805
9.79 0.999674278723815 -0.0255212942073773
9.8 0.975585686614278 -0.219619143230611
9.81 0.914095728718621 -0.405498457134393
9.82 0.817451347443309 -0.575997651525698
9.83 0.689263680257329 -0.724510578996692
9.84 0.534378478620095 -0.845245314442898
9.85 0.35869759158914 -0.933453821990221
9.86 0.168957888871907 -0.985623270721602
9.87 -0.0275242622029985 -0.999621135726021
9.88 -0.223133401583178 -0.97478791800982
9.89 -0.410249601043127 -0.911973280773047
9.9 -0.581545949041292 -0.813513558063824
9.91 -0.730277274598105 -0.6831508634303
9.92 -0.850548679983729 -0.525896323411693
9.93 -0.937553096371472 -0.347842193363981
9.94 -0.987768156604833 -0.155929691840551
9.95 -0.999104159569341 0.0423187704363016
9.96 -0.970996729488487 0.239092767190188
9.97 -0.904439884040643 0.426601097228485
9.98 -0.801957538264211 0.597381039890962
9.99 -0.667513897912044 0.744597338226688
10 -0.506365641109759 0.862318872287684
